# X Y Z x y
-1.25 -1.00 1.25 -29.00 -39.00
-1.25 -0.78 1.25 -29.00 22.00
-1.25 -0.56 1.25 -29.00 84.00
-1.25 -0.33 1.25 -29.00 146.00
-1.25 -0.11 1.25 -29.00 208.00
-1.25 0.11 1.25 -29.00 271.00
-1.25 0.33 1.25 -29.00 333.00
-1.25 0.56 1.25 -29.00 395.00
-1.25 0.78 1.25 -29.00 457.00
-1.25 1.00 1.25 -29.00 519.00
-1.00 -1.00 1.25 40.00 -39.00
-1.00 -0.78 1.25 40.00 22.00
-1.00 -0.56 1.25 40.00 84.00
-1.00 -0.33 1.25 40.00 146.00
-1.00 -0.11 1.25 40.00 208.00
-1.00 0.11 1.25 40.00 271.00
-1.00 0.33 1.25 40.00 333.00
-1.00 0.56 1.25 40.00 395.00
-1.00 0.78 1.25 40.00 457.00
-1.00 1.00 1.25 40.00 519.00
-0.75 -1.00 1.25 110.00 -39.00
-0.75 -0.78 1.25 110.00 22.00
-0.75 -0.56 1.25 110.00 84.00
-0.75 -0.33 1.25 110.00 146.00
-0.75 -0.11 1.25 110.00 208.00
-0.75 0.11 1.25 110.00 271.00
-0.75 0.33 1.25 110.00 333.00
-0.75 0.56 1.25 110.00 395.00
-0.75 0.78 1.25 110.00 457.00
-0.75 1.00 1.25 110.00 519.00
-0.50 -1.00 1.25 180.00 -39.00
-0.50 -0.78 1.25 180.00 22.00
-0.50 -0.56 1.25 180.00 84.00
-0.50 -0.33 1.25 180.00 146.00
-0.50 -0.11 1.25 180.00 208.00
-0.50 0.11 1.25 180.00 271.00
-0.50 0.33 1.25 180.00 333.00
-0.50 0.56 1.25 180.00 395.00
-0.50 0.78 1.25 180.00 457.00
-0.50 1.00 1.25 180.00 519.00
-0.25 -1.00 1.25 250.00 -39.00
-0.25 -0.78 1.25 250.00 22.00
-0.25 -0.56 1.25 250.00 84.00
-0.25 -0.33 1.25 250.00 146.00
-0.25 -0.11 1.25 250.00 208.00
-0.25 0.11 1.25 250.00 271.00
-0.25 0.33 1.25 250.00 333.00
-0.25 0.56 1.25 250.00 395.00
-0.25 0.78 1.25 250.00 457.00
-0.25 1.00 1.25 250.00 519.00
0.00 -1.00 1.25 320.00 -39.00
0.00 -0.78 1.25 320.00 22.00
0.00 -0.56 1.25 320.00 84.00
0.00 -0.33 1.25 320.00 146.00
0.00 -0.11 1.25 320.00 208.00
0.00 0.11 1.25 320.00 271.00
0.00 0.33 1.25 320.00 333.00
0.00 0.56 1.25 320.00 395.00
0.00 0.78 1.25 320.00 457.00
0.00 1.00 1.25 320.00 519.00
0.25 -1.00 1.25 389.00 -39.00
0.25 -0.78 1.25 389.00 22.00
0.25 -0.56 1.25 389.00 84.00
0.25 -0.33 1.25 389.00 146.00
0.25 -0.11 1.25 389.00 208.00
0.25 0.11 1.25 389.00 271.00
0.25 0.33 1.25 389.00 333.00
0.25 0.56 1.25 389.00 395.00
0.25 0.78 1.25 389.00 457.00
0.25 1.00 1.25 389.00 519.00
0.50 -1.00 1.25 459.00 -39.00
0.50 -0.78 1.25 459.00 22.00
0.50 -0.56 1.25 459.00 84.00
0.50 -0.33 1.25 459.00 146.00
0.50 -0.11 1.25 459.00 208.00
0.50 0.11 1.25 459.00 271.00
0.50 0.33 1.25 459.00 333.00
0.50 0.56 1.25 459.00 395.00
0.50 0.78 1.25 459.00 457.00
0.50 1.00 1.25 459.00 519.00
0.75 -1.00 1.25 529.00 -39.00
0.75 -0.78 1.25 529.00 22.00
0.75 -0.56 1.25 529.00 84.00
0.75 -0.33 1.25 529.00 146.00
0.75 -0.11 1.25 529.00 208.00
0.75 0.11 1.25 529.00 271.00
0.75 0.33 1.25 529.00 333.00
0.75 0.56 1.25 529.00 395.00
0.75 0.78 1.25 529.00 457.00
0.75 1.00 1.25 529.00 519.00
1.00 -1.00 1.25 599.00 -39.00
1.00 -0.78 1.25 599.00 22.00
1.00 -0.56 1.25 599.00 84.00
1.00 -0.33 1.25 599.00 146.00
1.00 -0.11 1.25 599.00 208.00
1.00 0.11 1.25 599.00 271.00
1.00 0.33 1.25 599.00 333.00
1.00 0.56 1.25 599.00 395.00
1.00 0.78 1.25 599.00 457.00
1.00 1.00 1.25 599.00 519.00
